ETITLE:      TS           BOND          ANGLE          DIHED          IMPRP               ELECT            VDW       BOUNDARY           MISC        KINETIC               TOTAL           TEMP      POTENTIAL         TOTAL3        TEMPAVG            PRESSURE      GPRESSURE         VOLUME       PRESSAVG      GPRESSAVG
ENERGY:       0         0.0000         0.0000         0.0000         0.0000          -5460.6263       775.2765         0.0000         0.0000         0.0000          -4685.3497         0.0000     -4685.3497     -4684.5917         0.0000           6516.2579      6528.3354     23823.1240      6516.2579      6528.3354
ENERGY:    5000         0.0000         0.0000         0.0000         0.0000          -5630.0390       473.7470         0.0000         0.0000       980.8324          -4175.4596       311.6018     -5156.2919     -4173.1818       283.1694            133.7884       144.4403     23107.7559      -119.9283      -119.9071
ENERGY:   10000         0.0000         0.0000         0.0000         0.0000          -5622.5999       474.4873         0.0000         0.0000       970.0334          -4178.0792       308.1711     -5148.1126     -4176.0504       303.7614            -88.6508       -73.4102     23287.8021      -120.8570      -120.6764
ENERGY:   15000         0.0000         0.0000         0.0000         0.0000          -5612.1801       403.4264         0.0000         0.0000       928.3145          -4280.4391       294.9174     -5208.7537     -4278.3200       298.7361           -425.4630      -415.0274     22858.9475      -213.7819      -213.7279
ENERGY:   20000         0.0000         0.0000         0.0000         0.0000          -5492.7202       354.8636         0.0000         0.0000       955.5035          -4182.3532       303.5551     -5137.8566     -4180.7502       300.2093           -690.0393      -669.2007     23039.8846      -237.0333      -237.0480
ENERGY:   25000         0.0000         0.0000         0.0000         0.0000          -5605.5178       410.5716         0.0000         0.0000       964.7020          -4230.2442       306.4774     -5194.9462     -4228.4168       302.3707            -22.0513       -14.0893     22866.9664      -235.8597      -235.8576
ENERGY:   30000         0.0000         0.0000         0.0000         0.0000          -5609.9780       419.9827         0.0000         0.0000       952.5646          -4237.4306       302.6214     -5189.9952     -4236.9424       297.7856            -62.2251       -39.9506     22811.0306      -199.6443      -199.6805
ENERGY:   35000         0.0000         0.0000         0.0000         0.0000          -5625.6838       375.7019         0.0000         0.0000       886.8584          -4363.1235       281.7471     -5249.9819     -4360.9309       303.2996           -788.9058      -762.0146     22725.2447      -230.1675      -230.4169
ENERGY:   40000         0.0000         0.0000         0.0000         0.0000          -5605.2171       407.1582         0.0000         0.0000       938.4874          -4259.5715       298.1492     -5198.0589     -4256.3133       295.7461            145.2413       180.5620     22425.8681      -247.6547      -247.6575
ENERGY:   45000         0.0000         0.0000         0.0000         0.0000          -5610.5701       400.2061         0.0000         0.0000       927.0905          -4283.2734       294.5285     -5210.3640     -4279.7760       297.3424           -147.9415      -135.7365     22652.3315      -209.8149      -209.9260
ENERGY:   50000         0.0000         0.0000         0.0000         0.0000          -5696.3596       444.0132         0.0000         0.0000       909.7189          -4342.6275       289.0097     -5252.3463     -4340.8071       297.8037             23.9946        46.6109     22577.4846      -181.6792      -181.6377
ENERGY:   55000         0.0000         0.0000         0.0000         0.0000          -5629.1930       406.6358         0.0000         0.0000       947.1196          -4275.4376       300.8916     -5222.5572     -4271.4797       298.4663            -67.7188       -63.4144     22619.3860      -184.8278      -184.6662
ENERGY:   60000         0.0000         0.0000         0.0000         0.0000          -5575.1901       352.1147         0.0000         0.0000       932.1160          -4290.9595       296.1251     -5223.0755     -4290.5044       295.6502           -407.9540      -373.0863     22430.4664      -245.0580      -245.0301
ENERGY:   65000         0.0000         0.0000         0.0000         0.0000          -5677.1517       418.0675         0.0000         0.0000       966.2926          -4292.7916       306.9827     -5259.0843     -4289.8071       296.9678           -125.6067       -96.3826     22613.0539      -222.3288      -222.5025
ENERGY:   70000         0.0000         0.0000         0.0000         0.0000          -5507.7755       342.9777         0.0000         0.0000       995.9169          -4168.8810       316.3940     -5164.7978     -4165.5920       301.4833           -673.3199      -653.1598     22914.8665      -242.6354      -242.6717
ENERGY:   75000         0.0000         0.0000         0.0000         0.0000          -5686.3969       428.3289         0.0000         0.0000       908.8162          -4349.2518       288.7229     -5258.0680     -4347.1050       298.4849            220.2665       253.5670     22400.9246      -248.4592      -248.4789
ENERGY:   80000         0.0000         0.0000         0.0000         0.0000          -5639.2033       411.9237         0.0000         0.0000       918.4244          -4308.8552       291.7754     -5227.2796     -4305.3616       293.2556              0.8143        22.7188     22455.6917      -218.0118      -217.8312
ENERGY:   85000         0.0000         0.0000         0.0000         0.0000          -5632.5893       389.4721         0.0000         0.0000       924.7917          -4318.3255       293.7982     -5243.1173     -4315.8674       295.3645           -482.2786      -463.5874     22564.6300      -188.5564      -188.5635
ENERGY:   90000         0.0000         0.0000         0.0000         0.0000          -5649.5714       416.2694         0.0000         0.0000       908.5331          -4324.7689       288.6330     -5233.3020     -4322.9250       294.4528            -75.1300       -56.1946     22655.3447      -221.8465      -221.9174
ENERGY:   95000         0.0000         0.0000         0.0000         0.0000          -5665.5268       422.6900         0.0000         0.0000       959.8735          -4282.9633       304.9434     -5242.8368     -4279.7447       295.8423           -134.7508      -112.7219     22725.8272      -203.2299      -203.1374
ENERGY:  100000         0.0000         0.0000         0.0000         0.0000          -5625.6562       365.9423         0.0000         0.0000       918.8084          -4340.9055       291.8973     -5259.7139     -4338.9575       294.6716           -483.9038      -470.1235     22608.1748      -206.8207      -206.7613
ENERGY:  105000         0.0000         0.0000         0.0000         0.0000          -5576.7299       349.9407         0.0000         0.0000       934.5500          -4292.2393       296.8983     -5226.7892     -4288.9101       296.7389           -675.4610      -660.7582     22467.6042      -159.1816      -159.1657
ENERGY:  110000         0.0000         0.0000         0.0000         0.0000          -5525.5055       341.5253         0.0000         0.0000       939.6329          -4244.3473       298.5131     -5183.9802     -4242.0777       298.4862           -486.8383      -460.3500     22727.9333      -189.1694      -189.1660
ENERGY:  115000         0.0000         0.0000         0.0000         0.0000          -5590.0642       380.9312         0.0000         0.0000       952.2242          -4256.9088       302.5133     -5209.1330     -4255.1661       300.9060           -134.6437      -109.9830     22669.3930      -217.6259      -217.5082
ENERGY:  120000         0.0000         0.0000         0.0000         0.0000          -5576.9073       365.2632         0.0000         0.0000       939.9070          -4271.7371       298.6002     -5211.6441     -4268.5081       301.5386           -393.4363      -370.0525     22890.2181      -193.2478      -193.1349
ENERGY:  125000         0.0000         0.0000         0.0000         0.0000          -5561.8851       372.2659         0.0000         0.0000       949.9873          -4239.6319       301.8026     -5189.6192     -4237.4767       299.5505           -219.9344      -186.5039     22564.0808      -273.1043      -273.0921
ENERGY:  130000         0.0000         0.0000         0.0000         0.0000          -5640.6363       442.9678         0.0000         0.0000       989.8013          -4207.8672       314.4512     -5197.6685     -4206.7853       303.9247            509.0839       521.6501     22666.8565      -241.3735      -241.2882
ENERGY:  135000         0.0000         0.0000         0.0000         0.0000          -5626.4310       407.9946         0.0000         0.0000       897.5943          -4320.8421       285.1578     -5218.4364     -4318.8276       299.8965           -132.9736      -111.9644     22708.1325      -256.9652      -256.9777
ENERGY:  140000         0.0000         0.0000         0.0000         0.0000          -5642.4272       430.0845         0.0000         0.0000       981.9718          -4230.3710       311.9638     -5212.3427     -4228.2272       291.4001            359.0704       368.3915     22612.6829      -295.3674      -295.2800
ENERGY:  145000         0.0000         0.0000         0.0000         0.0000          -5545.1705       358.4864         0.0000         0.0000       907.9512          -4278.7328       288.4481     -5186.6840     -4275.5002       297.5843           -767.8241      -754.0303     23081.3917      -182.9962      -182.8315
ENERGY:  150000         0.0000         0.0000         0.0000         0.0000          -5623.9420       403.6803         0.0000         0.0000       943.8136          -4276.4481       299.8413     -5220.2617     -4274.2055       296.0629           -197.8096      -175.0898     22940.0798      -277.0754      -277.0677
ENERGY:  155000         0.0000         0.0000         0.0000         0.0000          -5674.7667       434.6302         0.0000         0.0000       936.3219          -4303.8146       297.4612     -5240.1365     -4301.2756       294.7342            131.3992       148.2678     22592.4248      -252.4491      -252.4386
ENERGY:  160000         0.0000         0.0000         0.0000         0.0000          -5547.5493       379.9654         0.0000         0.0000       916.2163          -4251.3676       291.0739     -5167.5839     -4248.5154       296.9906           -133.8951      -111.1989     22621.7709      -248.3875      -248.2823
ENERGY:  165000         0.0000         0.0000         0.0000         0.0000          -5607.6705       426.4228         0.0000         0.0000       982.5613          -4198.6864       312.1511     -5181.2477     -4196.6480       299.4614            273.3819       294.5612     22733.4779      -251.8247      -251.7178
ENERGY:  170000         0.0000         0.0000         0.0000         0.0000          -5609.1519       438.2022         0.0000         0.0000       919.8009          -4251.1488       292.2127     -5170.9497     -4249.6210       298.4911            590.3658       594.1991     22543.1637      -196.0311      -196.0819
ENERGY:  175000         0.0000         0.0000         0.0000         0.0000          -5676.7449       407.7111         0.0000         0.0000       940.4812          -4328.5526       298.7826     -5269.0338     -4326.4560       301.8278           -245.0987      -214.3559     22521.4416      -213.3762      -213.4232
ENERGY:  180000         0.0000         0.0000         0.0000         0.0000          -5595.3367       387.3050         0.0000         0.0000       970.4564          -4237.5753       308.3055     -5208.0317     -4236.2877       295.8636            111.6768       137.1980     22565.5710      -194.7653      -194.8895
ENERGY:  185000         0.0000         0.0000         0.0000         0.0000          -5653.9456       455.7090         0.0000         0.0000       968.7449          -4229.4917       307.7618     -5198.2366     -4227.5110       298.5913            563.8873       576.1359     22834.6333      -236.2408      -236.3081
ENERGY:  190000         0.0000         0.0000         0.0000         0.0000          -5545.4412       396.7796         0.0000         0.0000       916.5901          -4232.0715       291.1926     -5148.6616     -4230.4916       300.9239            -12.0010        -1.4782     22790.5086      -239.6653      -239.5734
ENERGY:  195000         0.0000         0.0000         0.0000         0.0000          -5663.8755       432.0609         0.0000         0.0000       930.4448          -4301.3698       295.5942     -5231.8147     -4299.0582       297.8703            108.5605       109.1396     22361.1699      -184.4491      -184.6273
ENERGY:  200000         0.0000         0.0000         0.0000         0.0000          -5580.0844       375.6301         0.0000         0.0000       952.0460          -4252.4083       302.4567     -5204.4543     -4249.7525       295.0416           -756.4739      -725.5130     23123.8769      -224.4382      -224.5727
ENERGY:  205000         0.0000         0.0000         0.0000         0.0000          -5626.0531       373.0141         0.0000         0.0000       931.9176          -4321.1213       296.0620     -5253.0390     -4318.5656       297.3949           -398.2440      -385.5556     22591.1025      -258.7251      -258.6515
ENERGY:  210000         0.0000         0.0000         0.0000         0.0000          -5523.5139       393.2149         0.0000         0.0000       943.3693          -4186.9297       299.7001     -5130.2990     -4183.4035       301.6146           -244.2895      -229.1607     22703.7696      -229.3428      -229.2576
ENERGY:  215000         0.0000         0.0000         0.0000         0.0000          -5619.5711       432.2094         0.0000         0.0000       978.4749          -4208.8867       310.8529     -5187.3616     -4207.1909       307.2350            715.1884       746.1878     22575.9844      -192.4627      -192.4862
ENERGY:  220000         0.0000         0.0000         0.0000         0.0000          -5603.0405       412.1750         0.0000         0.0000       917.6176          -4273.2479       291.5191     -5190.8655     -4271.9269       302.0368           -106.3866       -80.8039     22748.4757      -171.0629      -171.2517
ENERGY:  225000         0.0000         0.0000         0.0000         0.0000          -5559.2571       355.2267         0.0000         0.0000       966.9605          -4237.0699       307.1949     -5204.0304     -4235.9327       297.8186           -488.7493      -471.8847     22468.5262      -183.3738      -183.1701
ENERGY:  230000         0.0000         0.0000         0.0000         0.0000          -5550.6388       370.3826         0.0000         0.0000       904.8948          -4275.3614       287.4771     -5180.2562     -4273.9976       295.9417            251.2266       266.6967     22290.0842      -202.4106      -202.4057
ENERGY:  235000         0.0000         0.0000         0.0000         0.0000          -5559.4246       371.4578         0.0000         0.0000       956.8297          -4231.1371       303.9764     -5187.9668     -4227.6720       302.3253           -353.7257      -337.3114     22664.4779      -215.5236      -215.6241
ENERGY:  240000         0.0000         0.0000         0.0000         0.0000          -5508.6260       321.9820         0.0000         0.0000       975.8008          -4210.8432       310.0033     -5186.6440     -4209.1266       303.7236           -933.3257      -902.9376     22730.0426      -246.8844      -246.8453
ENERGY:  245000         0.0000         0.0000         0.0000         0.0000          -5547.2258       396.5084         0.0000         0.0000       934.0750          -4216.6424       296.7474     -5150.7174     -4213.9539       305.5096            128.6393       158.5268     22628.2870      -265.0349      -265.1103
ENERGY:  250000         0.0000         0.0000         0.0000         0.0000          -5628.6608       418.8986         0.0000         0.0000       901.9786          -4307.7836       286.5507     -5209.7623     -4306.6412       299.9523            221.9080       240.0276     22510.3729      -221.3864      -221.2523
ENERGY:  255000         0.0000         0.0000         0.0000         0.0000          -5550.0858       405.0754         0.0000         0.0000       980.0089          -4165.0015       311.3402     -5145.0104     -4162.4220       300.9662            434.2675       461.1002     22399.1715      -252.1641      -252.0726
ENERGY:  260000         0.0000         0.0000         0.0000         0.0000          -5550.5451       347.0938         0.0000         0.0000       903.9808          -4299.4704       287.1868     -5203.4512     -4296.1033       305.0255           -709.7783      -696.2722     22582.6579      -201.1027      -201.1217
ENERGY:  265000         0.0000         0.0000         0.0000         0.0000          -5549.3603       357.6837         0.0000         0.0000       976.4203          -4215.2563       310.2002     -5191.6766     -4211.8827       302.4350           -753.7340      -743.6577     22682.0634      -158.5882      -158.6628
ENERGY:  270000         0.0000         0.0000         0.0000         0.0000          -5616.4380       391.3680         0.0000         0.0000       985.2378          -4239.8322       313.0014     -5225.0700     -4237.6265       300.3690           -517.3887      -504.3832     23102.2461      -230.1386      -230.0776
ENERGY:  275000         0.0000         0.0000         0.0000         0.0000          -5568.1242       365.7610         0.0000         0.0000       962.2332          -4240.1300       305.6930     -5202.3632     -4237.8352       301.3897           -863.2201      -841.0912     22918.6555      -267.8878      -267.7425
ENERGY:  280000         0.0000         0.0000         0.0000         0.0000          -5630.1462       392.0990         0.0000         0.0000       925.9539          -4312.0932       294.1674     -5238.0472     -4310.9621       297.6043           -413.4452      -386.0392     22694.9302      -263.6861      -263.5959
ENERGY:  285000         0.0000         0.0000         0.0000         0.0000          -5502.1235       348.7478         0.0000         0.0000       923.6675          -4229.7083       293.4410     -5153.3758     -4226.5931       298.5296           -621.8445      -597.2123     22994.3583      -305.2194      -305.2440
ENERGY:  290000         0.0000         0.0000         0.0000         0.0000          -5682.9607       456.8115         0.0000         0.0000       918.7323          -4307.4168       291.8732     -5226.1492     -4305.7274       301.0441            536.2556       556.7931     22678.4119      -266.7844      -266.7609
ENERGY:  295000         0.0000         0.0000         0.0000         0.0000          -5645.3954       424.2468         0.0000         0.0000       949.3481          -4271.8004       301.5996     -5221.1486     -4269.9550       300.5724            -64.1100       -31.0265     22713.5037      -179.6624      -179.5423
ENERGY:  300000         0.0000         0.0000         0.0000         0.0000          -5586.1528       386.0800         0.0000         0.0000       956.6453          -4243.4274       303.9178     -5200.0728     -4240.5540       301.3217           -107.3662       -81.3959     22602.3060      -152.3988      -152.3796
ENERGY:  305000         0.0000         0.0000         0.0000         0.0000          -5555.4106       348.5611         0.0000         0.0000       915.1666          -4291.6828       290.7404     -5206.8495     -4289.5642       298.4688           -753.8764      -734.5584     22850.7568      -217.9270      -217.7921
ENERGY:  310000         0.0000         0.0000         0.0000         0.0000          -5578.0017       404.5885         0.0000         0.0000       927.2441          -4246.1691       294.5773     -5173.4132     -4244.6892       302.9497             99.1675       130.4232     22473.5777      -227.1495      -227.2376
ENERGY:  315000         0.0000         0.0000         0.0000         0.0000          -5549.0914       375.1123         0.0000         0.0000       963.7301          -4210.2490       306.1686     -5173.9791     -4208.0203       303.9454           -474.2834      -450.5113     22898.7516      -207.4439      -207.3975
ENERGY:  320000         0.0000         0.0000         0.0000         0.0000          -5652.2762       411.6670         0.0000         0.0000       972.4588          -4268.1504       308.9416     -5240.6093     -4265.7225       301.6447             68.4177        67.3358     22408.9796      -219.6996      -219.7114
ENERGY:  325000         0.0000         0.0000         0.0000         0.0000          -5619.3811       382.3719         0.0000         0.0000       932.0773          -4304.9319       296.1128     -5237.0092     -4302.9930       299.0582           -717.0187      -693.0682     22808.2778      -180.0892      -180.0019
ENERGY:  330000         0.0000         0.0000         0.0000         0.0000          -5589.1247       361.8647         0.0000         0.0000       956.2188          -4271.0412       303.7823     -5227.2600     -4269.6488       296.0401           -222.4229      -179.1571     22392.9047      -245.5180      -245.5647
ENERGY:  335000         0.0000         0.0000         0.0000         0.0000          -5616.1654       411.4824         0.0000         0.0000       949.5499          -4255.1330       301.6637     -5204.6829     -4253.3849       299.6196            290.3219       291.1671     22445.2322      -155.9911      -156.1710
ENERGY:  340000         0.0000         0.0000         0.0000         0.0000          -5622.0836       373.9786         0.0000         0.0000       901.6611          -4346.4439       286.4498     -5248.1050     -4344.4635       295.1953           -729.3477      -699.5556     22934.4652      -196.5006      -196.3948
ENERGY:  345000         0.0000         0.0000         0.0000         0.0000          -5633.1787       413.0007         0.0000         0.0000       904.0939          -4316.0840       287.2227     -5220.1779     -4314.7337       296.2370            217.7011       240.3326     22709.5713      -227.2371      -227.1801
ENERGY:  350000         0.0000         0.0000         0.0000         0.0000          -5564.4450       369.7408         0.0000         0.0000       889.3933          -4305.3108       282.5525     -5194.7041     -4304.0263       295.8730           -644.6547      -615.5188     22982.6897      -257.8864      -257.9343
ENERGY:  355000         0.0000         0.0000         0.0000         0.0000          -5593.9301       366.6144         0.0000         0.0000       935.5968          -4291.7188       297.2309     -5227.3157     -4289.3597       299.7453           -490.5652      -473.1653     22563.4111      -171.9909      -171.7975
ENERGY:  360000         0.0000         0.0000         0.0000         0.0000          -5628.0060       389.6811         0.0000         0.0000       923.1657          -4315.1592       293.2816     -5238.3249     -4313.0005       295.0395           -317.7753      -296.0757     22531.5911      -255.8088      -255.7598
ENERGY:  365000         0.0000         0.0000         0.0000         0.0000          -5651.7879       413.8843         0.0000         0.0000       949.8822          -4288.0214       301.7692     -5237.9036     -4286.2086       300.2235           -168.5104      -155.8878     22617.8755      -221.6549      -221.5122
ENERGY:  370000         0.0000         0.0000         0.0000         0.0000          -5605.0263       398.9604         0.0000         0.0000       954.6755          -4251.3905       303.2920     -5206.0659     -4248.7668       303.1493           -432.8696      -414.6116     22859.6609      -228.2525      -228.2988
ENERGY:  375000         0.0000         0.0000         0.0000         0.0000          -5654.8201       449.8333         0.0000         0.0000       946.3637          -4258.6231       300.6514     -5204.9868     -4256.7575       302.7423            330.7216       349.3642     22649.4292      -224.0407      -224.0939
ENERGY:  380000         0.0000         0.0000         0.0000         0.0000          -5604.0904       365.1417         0.0000         0.0000       917.6754          -4321.2732       291.5374     -5238.9486     -4319.0239       297.3456           -345.2828      -312.4395     22466.2364      -184.4256      -184.5001
ENERGY:  385000         0.0000         0.0000         0.0000         0.0000          -5602.5103       383.8760         0.0000         0.0000       917.3906          -4301.2437       291.4469     -5218.6343     -4299.2663       299.3886           -602.4086      -579.9821     22887.0755      -200.6816      -200.4038
ENERGY:  390000         0.0000         0.0000         0.0000         0.0000          -5592.0087       386.5001         0.0000         0.0000       970.6712          -4234.8373       308.3737     -5205.5086     -4233.2031       300.1848           -175.4960      -133.6005     22595.6983      -174.1959      -174.2210
ENERGY:  395000         0.0000         0.0000         0.0000         0.0000          -5558.9182       372.9007         0.0000         0.0000       962.5896          -4223.4279       305.8062     -5186.0174     -4220.1902       303.6345           -165.9983      -153.6943     22531.2032      -204.3740      -204.4244
ENERGY:  400000         0.0000         0.0000         0.0000         0.0000          -5668.7307       400.1674         0.0000         0.0000       994.1207          -4274.4426       315.8234     -5268.5633     -4271.8959       298.7320           -701.5602      -688.0297     22748.9124      -230.4739      -230.4627
ENERGY:  405000         0.0000         0.0000         0.0000         0.0000          -5546.6117       349.8983         0.0000         0.0000       961.1609          -4235.5526       305.3524     -5196.7135     -4233.7235       301.8125           -749.4443      -736.4532     22494.5711      -217.0041      -217.1984
ENERGY:  410000         0.0000         0.0000         0.0000         0.0000          -5558.4473       381.4288         0.0000         0.0000       923.8736          -4253.1449       293.5065     -5177.0185     -4250.8994       302.5631           -895.0467      -884.6755     23161.5831      -266.1825      -266.1510
ENERGY:  415000         0.0000         0.0000         0.0000         0.0000          -5594.0135       377.2887         0.0000         0.0000       918.2972          -4298.4275       291.7350     -5216.7248     -4295.1298       297.9608           -213.2823      -179.3394     22512.9823      -208.0577      -207.9469
ENERGY:  420000         0.0000         0.0000         0.0000         0.0000          -5614.1202       391.7438         0.0000         0.0000       964.0637          -4258.3127       306.2746     -5222.3764     -4253.9425       298.7547             39.7186        68.2952     22301.1956      -223.2282      -223.1697
ENERGY:  425000         0.0000         0.0000         0.0000         0.0000          -5631.5476       398.5605         0.0000         0.0000       957.1731          -4275.8139       304.0855     -5232.9871     -4273.7505       300.9823           -116.5327       -97.4440     22527.5134      -126.4008      -126.2938
ENERGY:  430000         0.0000         0.0000         0.0000         0.0000          -5533.3175       334.8934         0.0000         0.0000      1013.0590          -4185.3650       321.8400     -5198.4241     -4183.7834       299.6523           -866.2048      -839.2273     22777.7032      -211.2600      -211.2127
ENERGY:  435000         0.0000         0.0000         0.0000         0.0000          -5546.0692       381.9825         0.0000         0.0000       948.3996          -4215.6871       301.2982     -5164.0867     -4214.4542       303.1914           -166.3814      -141.8166     22910.3485      -222.7899      -222.8790
ENERGY:  440000         0.0000         0.0000         0.0000         0.0000          -5611.5072       389.9235         0.0000         0.0000       962.0009          -4259.5828       305.6192     -5221.5837     -4257.0754       300.7627           -210.9411      -181.5693     22840.2423      -214.3119      -214.3298
ENERGY:  445000         0.0000         0.0000         0.0000         0.0000          -5431.4517       300.6425         0.0000         0.0000       912.0628          -4218.7465       289.7544     -5130.8093     -4216.8660       299.9168          -1353.7896     -1324.4982     22818.8741      -215.8583      -215.7059
ENERGY:  450000         0.0000         0.0000         0.0000         0.0000          -5605.0046       459.6639         0.0000         0.0000       952.5437          -4192.7969       302.6148     -5145.3407     -4191.2393       304.4707            815.4578       814.1286     22674.5831      -212.0233      -212.1825
ENERGY:  455000         0.0000         0.0000         0.0000         0.0000          -5579.7098       383.4089         0.0000         0.0000       939.3210          -4256.9799       298.4140     -5196.3009     -4254.5245       302.2267           -577.0474      -568.7390     22983.6558      -330.5425      -330.5323
ENERGY:  460000         0.0000         0.0000         0.0000         0.0000          -5618.0286       408.3063         0.0000         0.0000       965.5282          -4244.1940       306.7398     -5209.7223     -4242.2573       298.7508            100.0452       106.7512     22635.4995      -236.5618      -236.4332
ENERGY:  465000         0.0000         0.0000         0.0000         0.0000          -5549.9740       346.7983         0.0000         0.0000       945.8060          -4257.3697       300.4743     -5203.1757     -4255.2848       299.9444           -612.2307      -602.6582     22688.0668      -233.7188      -233.7197
ENERGY:  470000         0.0000         0.0000         0.0000         0.0000          -5528.5734       362.5925         0.0000         0.0000       891.1140          -4274.8669       283.0991     -5165.9809     -4271.6501       294.2877           -402.1031      -390.0958     22757.0332      -277.3344      -277.3721
ENERGY:  475000         0.0000         0.0000         0.0000         0.0000          -5483.9182       331.9139         0.0000         0.0000       940.5266          -4211.4777       298.7971     -5152.0044     -4208.9444       301.0617          -1000.0532     -1002.8014     22954.5538      -234.1310      -234.2957
ENERGY:  480000         0.0000         0.0000         0.0000         0.0000          -5603.9205       391.9369         0.0000         0.0000       981.5993          -4230.3843       311.8455     -5211.9836     -4227.7059       303.6553           -113.7860       -90.9153     22513.4963      -185.3571      -185.3182
ENERGY:  485000         0.0000         0.0000         0.0000         0.0000          -5498.6882       361.3495         0.0000         0.0000       935.1070          -4202.2318       297.0753     -5137.3387     -4200.0067       302.2858           -654.0531      -640.1105     23022.1892      -262.6800      -262.6714
ENERGY:  490000         0.0000         0.0000         0.0000         0.0000          -5648.2983       408.0355         0.0000         0.0000       946.3668          -4293.8960       300.6524     -5240.2629     -4291.4852       295.1986           -268.5356      -246.3726     22824.1550      -269.7260      -269.7247
ENERGY:  495000         0.0000         0.0000         0.0000         0.0000          -5609.4795       435.5454         0.0000         0.0000       919.6680          -4254.2662       292.1705     -5173.9342     -4252.5739       302.2961            576.0273       603.8671     22640.5006      -178.9940      -178.9651
ENERGY:  500000         0.0000         0.0000         0.0000         0.0000          -5603.5336       373.0506         0.0000         0.0000       922.4021          -4308.0809       293.0391     -5230.4830     -4304.1832       298.3316           -565.0895      -533.9458     22741.3648      -243.8281      -243.8327
